{
 "cells": [
  {
   "cell_type": "markdown",
   "metadata": {
    "colab_type": "text",
    "id": "4frRf8f5GaGm",
    "tags": []
   },
   "source": [
    "# Recommendations using surprise library models\n",
    "\n",
    "This notebook uses the surprise library to build a model using surprise library and generate ratings for the test data.\n",
    "\n",
    "**Models:** SVD-based and KNN-based collaborative filtering are explored. Hyperparameter tuning for the models is performed.\n",
    "\n",
    "**Evaluation:** The test data ratings are stored for further evaluation such as RMSE and MAE. The recommendations are evaluated using precision@5, recall@5, NDCG and overall accuracy. "
   ]
  },
  {
   "cell_type": "code",
   "execution_count": 1,
   "metadata": {
    "colab": {},
    "colab_type": "code",
    "id": "J9FfIKsk0bDJ"
   },
   "outputs": [],
   "source": [
    "from surprise import SVD, SVDpp\n",
    "from surprise.prediction_algorithms import KNNBasic, KNNWithMeans\n",
    "from surprise import Dataset, Reader\n",
    "from surprise.model_selection import cross_validate\n",
    "from surprise import accuracy\n",
    "from surprise.model_selection import train_test_split"
   ]
  },
  {
   "cell_type": "code",
   "execution_count": 2,
   "metadata": {
    "colab": {},
    "colab_type": "code",
    "id": "9KVxfVg3ClZs"
   },
   "outputs": [],
   "source": [
    "import math\n",
    "from collections import defaultdict\n",
    "import csv\n",
    "from sklearn.metrics import ndcg_score\n",
    "import numpy as np\n",
    "import pandas as pd\n",
    "import time"
   ]
  },
  {
   "cell_type": "code",
   "execution_count": 3,
   "metadata": {
    "colab": {},
    "colab_type": "code",
    "id": "EuYk0kIA_UST"
   },
   "outputs": [],
   "source": [
    "def convert_traintest_dataframe_forsurprise(training_dataframe, testing_dataframe):\n",
    "    reader = Reader(rating_scale=(0, 5))\n",
    "    trainset = Dataset.load_from_df(training_dataframe[['userId', 'tmdbId', 'rating']], reader)\n",
    "    testset = Dataset.load_from_df(testing_dataframe[['userId', 'tmdbId', 'rating']], reader)\n",
    "    trainset = trainset.construct_trainset(trainset.raw_ratings)\n",
    "    testset = testset.construct_testset(testset.raw_ratings)\n",
    "    return trainset, testset"
   ]
  },
  {
   "cell_type": "code",
   "execution_count": 4,
   "metadata": {
    "colab": {},
    "colab_type": "code",
    "id": "lWluXYjg_UeP"
   },
   "outputs": [],
   "source": [
    "file_path_train = '../0_data/processed/training_data.csv'\n",
    "file_path_test = '../0_data/processed/testing_data.csv'\n",
    "traindf = pd.read_csv(file_path_train)\n",
    "testdf = pd.read_csv(file_path_test)\n",
    "trainset, testset = convert_traintest_dataframe_forsurprise(traindf, testdf)"
   ]
  },
  {
   "cell_type": "code",
   "execution_count": 5,
   "metadata": {
    "colab": {},
    "colab_type": "code",
    "id": "2RMF8fphXcWs"
   },
   "outputs": [],
   "source": [
    "def get_top_n(predictions, n):\n",
    "    # First map the predictions to each user.\n",
    "    top_n = defaultdict(list)\n",
    "    org_ratings = defaultdict(list)\n",
    "\n",
    "    for uid, iid, true_r, est, _ in predictions:\n",
    "        top_n[uid].append((iid, est))\n",
    "        org_ratings[uid].append((iid, true_r))\n",
    "\n",
    "    # Then sort the predictions for each user and retrieve the k highest ones.\n",
    "    for uid, user_ratings in top_n.items():\n",
    "        user_ratings.sort(key=lambda x: x[1], reverse=True)\n",
    "        top_n[uid] = user_ratings[:n]\n",
    "\n",
    "    return top_n, org_ratings"
   ]
  },
  {
   "cell_type": "code",
   "execution_count": 6,
   "metadata": {
    "colab": {},
    "colab_type": "code",
    "id": "B_tRE3LbYrdc"
   },
   "outputs": [],
   "source": [
    "def dcg_at_k(scores):\n",
    "    return scores[0] + sum(sc/math.log(ind, 2) for sc, ind in zip(scores[1:], range(2, len(scores) + 1)))\n",
    "\n",
    "def ndcg_at_k(scores):\n",
    "    idcg = dcg_at_k(sorted(scores, reverse=True))\n",
    "    return (dcg_at_k(scores)/idcg) if idcg > 0.0 else 0.0"
   ]
  },
  {
   "cell_type": "code",
   "execution_count": 7,
   "metadata": {
    "colab": {},
    "colab_type": "code",
    "id": "0XdmBknpvATu"
   },
   "outputs": [],
   "source": [
    "def precision_recall_at_k(predictions, k=5, threshold=3.5):\n",
    "    '''Return precision and recall at k metrics for each user.'''\n",
    "\n",
    "    # First map the predictions to each user.\n",
    "    user_est_true = defaultdict(list)\n",
    "    for uid, _, true_r, est, _ in predictions:\n",
    "        user_est_true[uid].append((est, true_r))\n",
    "\n",
    "    precisions = dict()\n",
    "    recalls = dict()\n",
    "    for uid, user_ratings in user_est_true.items():\n",
    "\n",
    "        # Sort user ratings by estimated value\n",
    "        user_ratings.sort(key=lambda x: x[0], reverse=True)\n",
    "\n",
    "        # Number of relevant items\n",
    "        n_rel = sum((true_r >= threshold) for (_, true_r) in user_ratings)\n",
    "\n",
    "        # Number of recommended items in top k\n",
    "        n_rec_k = sum((est >= threshold) for (est, _) in user_ratings[:k])\n",
    "\n",
    "        # Number of relevant and recommended items in top k\n",
    "        n_rel_and_rec_k = sum(((true_r >= threshold) and (est >= threshold))\n",
    "                              for (est, true_r) in user_ratings[:k])\n",
    "\n",
    "        # Precision@K: Proportion of recommended items that are relevant\n",
    "        precisions[uid] = n_rel_and_rec_k / n_rec_k if n_rec_k != 0 else 1\n",
    "\n",
    "        # Recall@K: Proportion of relevant items that are recommended\n",
    "        recalls[uid] = n_rel_and_rec_k / n_rel if n_rel != 0 else 1\n",
    "\n",
    "    precision = (sum(prec for prec in precisions.values()) / len(precisions))\n",
    "    recall = (sum(rec for rec in recalls.values()) / len(recalls))\n",
    "\n",
    "    return precision, recall"
   ]
  },
  {
   "cell_type": "code",
   "execution_count": 8,
   "metadata": {
    "colab": {},
    "colab_type": "code",
    "id": "AlitWSrNb2wZ"
   },
   "outputs": [],
   "source": [
    "def recommendation(algo, trainset, testset):\n",
    "  # Train the algorithm on the trainset, and predict ratings for the testset\n",
    "  start_fit = time.time()\n",
    "  algo.fit(trainset)\n",
    "  end_fit = time.time()\n",
    "  fit_time = end_fit - start_fit\n",
    "\n",
    "  # Predictions on testing set\n",
    "  start_test = time.time()\n",
    "  test_predictions = algo.test(testset)\n",
    "  end_test = time.time()\n",
    "  test_time = end_test - start_test\n",
    "\n",
    "  test_rmse = accuracy.rmse(test_predictions)\n",
    "  test_mae = accuracy.mae(test_predictions)\n",
    "\n",
    "  top_n, org_ratings = get_top_n(test_predictions, 5)\n",
    "\n",
    "  precision, recall = precision_recall_at_k(test_predictions)\n",
    "\n",
    "  f_measure = (2*precision*recall)/(precision+recall)\n",
    "\n",
    "  ndcg_scores = dict()\n",
    "  for uid, user_ratings in top_n.items():\n",
    "    scores = []\n",
    "    for iid, est_r in user_ratings:\n",
    "        iid_found = False\n",
    "        org_user_ratings = org_ratings[uid]\n",
    "        for i, r in org_user_ratings:\n",
    "            if iid == i:\n",
    "                scores.append(r)\n",
    "                iid_found = True\n",
    "                break\n",
    "        if not iid_found:\n",
    "            scores.append(0)\n",
    "    ndcg_scores[uid] = ndcg_at_k(scores)\n",
    "  ndcg_score = sum(ndcg for ndcg in ndcg_scores.values())/len(ndcg_scores)\n",
    "\n",
    "  return (test_rmse, test_mae, fit_time, test_time, precision, recall, f_measure, ndcg_score,test_predictions)"
   ]
  },
  {
   "cell_type": "markdown",
   "metadata": {
    "colab_type": "text",
    "id": "sTlXpyp1Zx08"
   },
   "source": [
    "## Basic algorithms"
   ]
  },
  {
   "cell_type": "code",
   "execution_count": 9,
   "metadata": {
    "colab": {},
    "colab_type": "code",
    "id": "IbbkSVVIBOyx"
   },
   "outputs": [],
   "source": [
    "surprise_df = pd.DataFrame(columns= ['Algorithm', 'test_rmse', 'test_mae', 'fit_time', 'test_time', 'Precision', 'Recall', 'F-measure', 'NDCG'])"
   ]
  },
  {
   "cell_type": "code",
   "execution_count": 11,
   "metadata": {
    "colab": {
     "base_uri": "https://localhost:8080/",
     "height": 1000
    },
    "colab_type": "code",
    "id": "nutu-se8aFF1",
    "outputId": "4467ae10-6641-4530-a159-1414cd2439b7"
   },
   "outputs": [
    {
     "name": "stdout",
     "output_type": "stream",
     "text": [
      "Computing the msd similarity matrix...\n",
      "Done computing similarity matrix.\n",
      "RMSE: 0.9642\n",
      "MAE:  0.7417\n",
      "Algorithm: KNNBasic\n",
      "Computing the msd similarity matrix...\n",
      "Done computing similarity matrix.\n",
      "RMSE: 0.9146\n",
      "MAE:  0.6987\n",
      "Algorithm: KNNWithMeans\n",
      "RMSE: 0.8929\n",
      "MAE:  0.6875\n",
      "Algorithm: SVD\n",
      "RMSE: 0.8852\n",
      "MAE:  0.6784\n",
      "Algorithm: SVDpp\n"
     ]
    }
   ],
   "source": [
    "# Iterate over all algorithms\n",
    "for algorithm in [KNNBasic(), KNNWithMeans(), SVD(), SVDpp()]:\n",
    "    results = recommendation(algorithm,trainset,testset) \n",
    "    \n",
    "    name =str(algorithm).split(' ')[0].split('.')[-1]\n",
    "    print(\"Algorithm:\", name)\n",
    "    df = pd.DataFrame([[name, results[0], results[1], results[2], results[3], results[4], results[5], results[6], results[7]]], columns= ['Algorithm', 'test_rmse', 'test_mae', 'fit_time', 'test_time', 'Precision', 'Recall', 'F-measure', 'NDCG'])\n",
    "    surprise_df = pd.concat([df, surprise_df], ignore_index=True)"
   ]
  },
  {
   "cell_type": "code",
   "execution_count": 19,
   "metadata": {},
   "outputs": [
    {
     "data": {
      "text/html": [
       "<div>\n",
       "<style scoped>\n",
       "    .dataframe tbody tr th:only-of-type {\n",
       "        vertical-align: middle;\n",
       "    }\n",
       "\n",
       "    .dataframe tbody tr th {\n",
       "        vertical-align: top;\n",
       "    }\n",
       "\n",
       "    .dataframe thead th {\n",
       "        text-align: right;\n",
       "    }\n",
       "</style>\n",
       "<table border=\"1\" class=\"dataframe\">\n",
       "  <thead>\n",
       "    <tr style=\"text-align: right;\">\n",
       "      <th></th>\n",
       "      <th>Algorithm</th>\n",
       "      <th>test_rmse</th>\n",
       "      <th>test_mae</th>\n",
       "      <th>fit_time</th>\n",
       "      <th>test_time</th>\n",
       "      <th>Precision</th>\n",
       "      <th>Recall</th>\n",
       "      <th>F-measure</th>\n",
       "      <th>NDCG</th>\n",
       "    </tr>\n",
       "  </thead>\n",
       "  <tbody>\n",
       "    <tr>\n",
       "      <th>0</th>\n",
       "      <td>SVDpp</td>\n",
       "      <td>0.885218</td>\n",
       "      <td>0.678399</td>\n",
       "      <td>298.373213</td>\n",
       "      <td>3.735361</td>\n",
       "      <td>0.824938</td>\n",
       "      <td>0.401856</td>\n",
       "      <td>0.540444</td>\n",
       "      <td>0.962812</td>\n",
       "    </tr>\n",
       "    <tr>\n",
       "      <th>3</th>\n",
       "      <td>KNNBasic</td>\n",
       "      <td>0.964200</td>\n",
       "      <td>0.741681</td>\n",
       "      <td>0.072833</td>\n",
       "      <td>0.856049</td>\n",
       "      <td>0.791307</td>\n",
       "      <td>0.442862</td>\n",
       "      <td>0.567896</td>\n",
       "      <td>0.964024</td>\n",
       "    </tr>\n",
       "    <tr>\n",
       "      <th>4</th>\n",
       "      <td>SVD</td>\n",
       "      <td>0.893231</td>\n",
       "      <td>0.688007</td>\n",
       "      <td>3.229208</td>\n",
       "      <td>0.111426</td>\n",
       "      <td>0.819548</td>\n",
       "      <td>0.401022</td>\n",
       "      <td>0.538530</td>\n",
       "      <td>0.961726</td>\n",
       "    </tr>\n",
       "    <tr>\n",
       "      <th>5</th>\n",
       "      <td>KNNWithMeans</td>\n",
       "      <td>0.914592</td>\n",
       "      <td>0.698736</td>\n",
       "      <td>0.077076</td>\n",
       "      <td>0.927917</td>\n",
       "      <td>0.816692</td>\n",
       "      <td>0.394222</td>\n",
       "      <td>0.531760</td>\n",
       "      <td>0.960656</td>\n",
       "    </tr>\n",
       "  </tbody>\n",
       "</table>\n",
       "</div>"
      ],
      "text/plain": [
       "      Algorithm  test_rmse  test_mae    fit_time  test_time  Precision  \\\n",
       "0         SVDpp   0.885218  0.678399  298.373213   3.735361   0.824938   \n",
       "3      KNNBasic   0.964200  0.741681    0.072833   0.856049   0.791307   \n",
       "4           SVD   0.893231  0.688007    3.229208   0.111426   0.819548   \n",
       "5  KNNWithMeans   0.914592  0.698736    0.077076   0.927917   0.816692   \n",
       "\n",
       "     Recall  F-measure      NDCG  \n",
       "0  0.401856   0.540444  0.962812  \n",
       "3  0.442862   0.567896  0.964024  \n",
       "4  0.401022   0.538530  0.961726  \n",
       "5  0.394222   0.531760  0.960656  "
      ]
     },
     "execution_count": 19,
     "metadata": {},
     "output_type": "execute_result"
    }
   ],
   "source": [
    "results = surprise_df.drop(index=[6,2,1])\n",
    "results"
   ]
  },
  {
   "cell_type": "code",
   "execution_count": 20,
   "metadata": {},
   "outputs": [
    {
     "data": {
      "text/html": [
       "<div>\n",
       "<style scoped>\n",
       "    .dataframe tbody tr th:only-of-type {\n",
       "        vertical-align: middle;\n",
       "    }\n",
       "\n",
       "    .dataframe tbody tr th {\n",
       "        vertical-align: top;\n",
       "    }\n",
       "\n",
       "    .dataframe thead th {\n",
       "        text-align: right;\n",
       "    }\n",
       "</style>\n",
       "<table border=\"1\" class=\"dataframe\">\n",
       "  <thead>\n",
       "    <tr style=\"text-align: right;\">\n",
       "      <th></th>\n",
       "      <th>Algorithm</th>\n",
       "      <th>test_rmse</th>\n",
       "      <th>test_mae</th>\n",
       "      <th>fit_time</th>\n",
       "      <th>test_time</th>\n",
       "      <th>Precision</th>\n",
       "      <th>Recall</th>\n",
       "      <th>F-measure</th>\n",
       "      <th>NDCG</th>\n",
       "    </tr>\n",
       "  </thead>\n",
       "  <tbody>\n",
       "    <tr>\n",
       "      <th>3</th>\n",
       "      <td>KNNBasic</td>\n",
       "      <td>0.964200</td>\n",
       "      <td>0.741681</td>\n",
       "      <td>0.072833</td>\n",
       "      <td>0.856049</td>\n",
       "      <td>0.791307</td>\n",
       "      <td>0.442862</td>\n",
       "      <td>0.567896</td>\n",
       "      <td>0.964024</td>\n",
       "    </tr>\n",
       "    <tr>\n",
       "      <th>5</th>\n",
       "      <td>KNNWithMeans</td>\n",
       "      <td>0.914592</td>\n",
       "      <td>0.698736</td>\n",
       "      <td>0.077076</td>\n",
       "      <td>0.927917</td>\n",
       "      <td>0.816692</td>\n",
       "      <td>0.394222</td>\n",
       "      <td>0.531760</td>\n",
       "      <td>0.960656</td>\n",
       "    </tr>\n",
       "    <tr>\n",
       "      <th>4</th>\n",
       "      <td>SVD</td>\n",
       "      <td>0.893231</td>\n",
       "      <td>0.688007</td>\n",
       "      <td>3.229208</td>\n",
       "      <td>0.111426</td>\n",
       "      <td>0.819548</td>\n",
       "      <td>0.401022</td>\n",
       "      <td>0.538530</td>\n",
       "      <td>0.961726</td>\n",
       "    </tr>\n",
       "    <tr>\n",
       "      <th>0</th>\n",
       "      <td>SVDpp</td>\n",
       "      <td>0.885218</td>\n",
       "      <td>0.678399</td>\n",
       "      <td>298.373213</td>\n",
       "      <td>3.735361</td>\n",
       "      <td>0.824938</td>\n",
       "      <td>0.401856</td>\n",
       "      <td>0.540444</td>\n",
       "      <td>0.962812</td>\n",
       "    </tr>\n",
       "  </tbody>\n",
       "</table>\n",
       "</div>"
      ],
      "text/plain": [
       "      Algorithm  test_rmse  test_mae    fit_time  test_time  Precision  \\\n",
       "3      KNNBasic   0.964200  0.741681    0.072833   0.856049   0.791307   \n",
       "5  KNNWithMeans   0.914592  0.698736    0.077076   0.927917   0.816692   \n",
       "4           SVD   0.893231  0.688007    3.229208   0.111426   0.819548   \n",
       "0         SVDpp   0.885218  0.678399  298.373213   3.735361   0.824938   \n",
       "\n",
       "     Recall  F-measure      NDCG  \n",
       "3  0.442862   0.567896  0.964024  \n",
       "5  0.394222   0.531760  0.960656  \n",
       "4  0.401022   0.538530  0.961726  \n",
       "0  0.401856   0.540444  0.962812  "
      ]
     },
     "execution_count": 20,
     "metadata": {},
     "output_type": "execute_result"
    }
   ],
   "source": [
    "results.sort_values(by='test_rmse', ascending = False)"
   ]
  },
  {
   "cell_type": "code",
   "execution_count": 21,
   "metadata": {
    "colab": {
     "base_uri": "https://localhost:8080/",
     "height": 343
    },
    "colab_type": "code",
    "id": "5YvKBuz_b7lA",
    "outputId": "c67035a9-edea-4a9a-e7bf-911f54a64709"
   },
   "outputs": [
    {
     "data": {
      "text/html": [
       "<div>\n",
       "<style scoped>\n",
       "    .dataframe tbody tr th:only-of-type {\n",
       "        vertical-align: middle;\n",
       "    }\n",
       "\n",
       "    .dataframe tbody tr th {\n",
       "        vertical-align: top;\n",
       "    }\n",
       "\n",
       "    .dataframe thead th {\n",
       "        text-align: right;\n",
       "    }\n",
       "</style>\n",
       "<table border=\"1\" class=\"dataframe\">\n",
       "  <thead>\n",
       "    <tr style=\"text-align: right;\">\n",
       "      <th></th>\n",
       "      <th>Algorithm</th>\n",
       "      <th>test_rmse</th>\n",
       "      <th>test_mae</th>\n",
       "      <th>fit_time</th>\n",
       "      <th>test_time</th>\n",
       "      <th>Precision</th>\n",
       "      <th>Recall</th>\n",
       "      <th>F-measure</th>\n",
       "      <th>NDCG</th>\n",
       "    </tr>\n",
       "  </thead>\n",
       "  <tbody>\n",
       "    <tr>\n",
       "      <th>3</th>\n",
       "      <td>KNNBasic</td>\n",
       "      <td>0.964200</td>\n",
       "      <td>0.741681</td>\n",
       "      <td>0.072833</td>\n",
       "      <td>0.856049</td>\n",
       "      <td>0.791307</td>\n",
       "      <td>0.442862</td>\n",
       "      <td>0.567896</td>\n",
       "      <td>0.964024</td>\n",
       "    </tr>\n",
       "    <tr>\n",
       "      <th>5</th>\n",
       "      <td>KNNWithMeans</td>\n",
       "      <td>0.914592</td>\n",
       "      <td>0.698736</td>\n",
       "      <td>0.077076</td>\n",
       "      <td>0.927917</td>\n",
       "      <td>0.816692</td>\n",
       "      <td>0.394222</td>\n",
       "      <td>0.531760</td>\n",
       "      <td>0.960656</td>\n",
       "    </tr>\n",
       "    <tr>\n",
       "      <th>4</th>\n",
       "      <td>SVD</td>\n",
       "      <td>0.893231</td>\n",
       "      <td>0.688007</td>\n",
       "      <td>3.229208</td>\n",
       "      <td>0.111426</td>\n",
       "      <td>0.819548</td>\n",
       "      <td>0.401022</td>\n",
       "      <td>0.538530</td>\n",
       "      <td>0.961726</td>\n",
       "    </tr>\n",
       "    <tr>\n",
       "      <th>0</th>\n",
       "      <td>SVDpp</td>\n",
       "      <td>0.885218</td>\n",
       "      <td>0.678399</td>\n",
       "      <td>298.373213</td>\n",
       "      <td>3.735361</td>\n",
       "      <td>0.824938</td>\n",
       "      <td>0.401856</td>\n",
       "      <td>0.540444</td>\n",
       "      <td>0.962812</td>\n",
       "    </tr>\n",
       "  </tbody>\n",
       "</table>\n",
       "</div>"
      ],
      "text/plain": [
       "      Algorithm  test_rmse  test_mae    fit_time  test_time  Precision  \\\n",
       "3      KNNBasic   0.964200  0.741681    0.072833   0.856049   0.791307   \n",
       "5  KNNWithMeans   0.914592  0.698736    0.077076   0.927917   0.816692   \n",
       "4           SVD   0.893231  0.688007    3.229208   0.111426   0.819548   \n",
       "0         SVDpp   0.885218  0.678399  298.373213   3.735361   0.824938   \n",
       "\n",
       "     Recall  F-measure      NDCG  \n",
       "3  0.442862   0.567896  0.964024  \n",
       "5  0.394222   0.531760  0.960656  \n",
       "4  0.401022   0.538530  0.961726  \n",
       "0  0.401856   0.540444  0.962812  "
      ]
     },
     "execution_count": 21,
     "metadata": {},
     "output_type": "execute_result"
    }
   ],
   "source": [
    "results.sort_values(by='Precision') "
   ]
  },
  {
   "cell_type": "code",
   "execution_count": 23,
   "metadata": {
    "colab": {
     "base_uri": "https://localhost:8080/",
     "height": 343
    },
    "colab_type": "code",
    "id": "x2STL7RH8ZOk",
    "outputId": "20404807-9c6d-4836-dc53-30a03176fd98"
   },
   "outputs": [
    {
     "data": {
      "text/html": [
       "<div>\n",
       "<style scoped>\n",
       "    .dataframe tbody tr th:only-of-type {\n",
       "        vertical-align: middle;\n",
       "    }\n",
       "\n",
       "    .dataframe tbody tr th {\n",
       "        vertical-align: top;\n",
       "    }\n",
       "\n",
       "    .dataframe thead th {\n",
       "        text-align: right;\n",
       "    }\n",
       "</style>\n",
       "<table border=\"1\" class=\"dataframe\">\n",
       "  <thead>\n",
       "    <tr style=\"text-align: right;\">\n",
       "      <th></th>\n",
       "      <th>Algorithm</th>\n",
       "      <th>test_rmse</th>\n",
       "      <th>test_mae</th>\n",
       "      <th>fit_time</th>\n",
       "      <th>test_time</th>\n",
       "      <th>Precision</th>\n",
       "      <th>Recall</th>\n",
       "      <th>F-measure</th>\n",
       "      <th>NDCG</th>\n",
       "    </tr>\n",
       "  </thead>\n",
       "  <tbody>\n",
       "    <tr>\n",
       "      <th>3</th>\n",
       "      <td>KNNBasic</td>\n",
       "      <td>0.964200</td>\n",
       "      <td>0.741681</td>\n",
       "      <td>0.072833</td>\n",
       "      <td>0.856049</td>\n",
       "      <td>0.791307</td>\n",
       "      <td>0.442862</td>\n",
       "      <td>0.567896</td>\n",
       "      <td>0.964024</td>\n",
       "    </tr>\n",
       "    <tr>\n",
       "      <th>0</th>\n",
       "      <td>SVDpp</td>\n",
       "      <td>0.885218</td>\n",
       "      <td>0.678399</td>\n",
       "      <td>298.373213</td>\n",
       "      <td>3.735361</td>\n",
       "      <td>0.824938</td>\n",
       "      <td>0.401856</td>\n",
       "      <td>0.540444</td>\n",
       "      <td>0.962812</td>\n",
       "    </tr>\n",
       "    <tr>\n",
       "      <th>4</th>\n",
       "      <td>SVD</td>\n",
       "      <td>0.893231</td>\n",
       "      <td>0.688007</td>\n",
       "      <td>3.229208</td>\n",
       "      <td>0.111426</td>\n",
       "      <td>0.819548</td>\n",
       "      <td>0.401022</td>\n",
       "      <td>0.538530</td>\n",
       "      <td>0.961726</td>\n",
       "    </tr>\n",
       "    <tr>\n",
       "      <th>5</th>\n",
       "      <td>KNNWithMeans</td>\n",
       "      <td>0.914592</td>\n",
       "      <td>0.698736</td>\n",
       "      <td>0.077076</td>\n",
       "      <td>0.927917</td>\n",
       "      <td>0.816692</td>\n",
       "      <td>0.394222</td>\n",
       "      <td>0.531760</td>\n",
       "      <td>0.960656</td>\n",
       "    </tr>\n",
       "  </tbody>\n",
       "</table>\n",
       "</div>"
      ],
      "text/plain": [
       "      Algorithm  test_rmse  test_mae    fit_time  test_time  Precision  \\\n",
       "3      KNNBasic   0.964200  0.741681    0.072833   0.856049   0.791307   \n",
       "0         SVDpp   0.885218  0.678399  298.373213   3.735361   0.824938   \n",
       "4           SVD   0.893231  0.688007    3.229208   0.111426   0.819548   \n",
       "5  KNNWithMeans   0.914592  0.698736    0.077076   0.927917   0.816692   \n",
       "\n",
       "     Recall  F-measure      NDCG  \n",
       "3  0.442862   0.567896  0.964024  \n",
       "0  0.401856   0.540444  0.962812  \n",
       "4  0.401022   0.538530  0.961726  \n",
       "5  0.394222   0.531760  0.960656  "
      ]
     },
     "execution_count": 23,
     "metadata": {},
     "output_type": "execute_result"
    }
   ],
   "source": [
    "results.sort_values(by='Recall', ascending=False) "
   ]
  },
  {
   "cell_type": "code",
   "execution_count": 24,
   "metadata": {
    "colab": {
     "base_uri": "https://localhost:8080/",
     "height": 343
    },
    "colab_type": "code",
    "id": "HLfUTRr58pVP",
    "outputId": "6ffb6a07-fe46-45f7-a5b3-feeb4be835be"
   },
   "outputs": [
    {
     "data": {
      "text/html": [
       "<div>\n",
       "<style scoped>\n",
       "    .dataframe tbody tr th:only-of-type {\n",
       "        vertical-align: middle;\n",
       "    }\n",
       "\n",
       "    .dataframe tbody tr th {\n",
       "        vertical-align: top;\n",
       "    }\n",
       "\n",
       "    .dataframe thead th {\n",
       "        text-align: right;\n",
       "    }\n",
       "</style>\n",
       "<table border=\"1\" class=\"dataframe\">\n",
       "  <thead>\n",
       "    <tr style=\"text-align: right;\">\n",
       "      <th></th>\n",
       "      <th>Algorithm</th>\n",
       "      <th>test_rmse</th>\n",
       "      <th>test_mae</th>\n",
       "      <th>fit_time</th>\n",
       "      <th>test_time</th>\n",
       "      <th>Precision</th>\n",
       "      <th>Recall</th>\n",
       "      <th>F-measure</th>\n",
       "      <th>NDCG</th>\n",
       "    </tr>\n",
       "  </thead>\n",
       "  <tbody>\n",
       "    <tr>\n",
       "      <th>3</th>\n",
       "      <td>KNNBasic</td>\n",
       "      <td>0.964200</td>\n",
       "      <td>0.741681</td>\n",
       "      <td>0.072833</td>\n",
       "      <td>0.856049</td>\n",
       "      <td>0.791307</td>\n",
       "      <td>0.442862</td>\n",
       "      <td>0.567896</td>\n",
       "      <td>0.964024</td>\n",
       "    </tr>\n",
       "    <tr>\n",
       "      <th>0</th>\n",
       "      <td>SVDpp</td>\n",
       "      <td>0.885218</td>\n",
       "      <td>0.678399</td>\n",
       "      <td>298.373213</td>\n",
       "      <td>3.735361</td>\n",
       "      <td>0.824938</td>\n",
       "      <td>0.401856</td>\n",
       "      <td>0.540444</td>\n",
       "      <td>0.962812</td>\n",
       "    </tr>\n",
       "    <tr>\n",
       "      <th>4</th>\n",
       "      <td>SVD</td>\n",
       "      <td>0.893231</td>\n",
       "      <td>0.688007</td>\n",
       "      <td>3.229208</td>\n",
       "      <td>0.111426</td>\n",
       "      <td>0.819548</td>\n",
       "      <td>0.401022</td>\n",
       "      <td>0.538530</td>\n",
       "      <td>0.961726</td>\n",
       "    </tr>\n",
       "    <tr>\n",
       "      <th>5</th>\n",
       "      <td>KNNWithMeans</td>\n",
       "      <td>0.914592</td>\n",
       "      <td>0.698736</td>\n",
       "      <td>0.077076</td>\n",
       "      <td>0.927917</td>\n",
       "      <td>0.816692</td>\n",
       "      <td>0.394222</td>\n",
       "      <td>0.531760</td>\n",
       "      <td>0.960656</td>\n",
       "    </tr>\n",
       "  </tbody>\n",
       "</table>\n",
       "</div>"
      ],
      "text/plain": [
       "      Algorithm  test_rmse  test_mae    fit_time  test_time  Precision  \\\n",
       "3      KNNBasic   0.964200  0.741681    0.072833   0.856049   0.791307   \n",
       "0         SVDpp   0.885218  0.678399  298.373213   3.735361   0.824938   \n",
       "4           SVD   0.893231  0.688007    3.229208   0.111426   0.819548   \n",
       "5  KNNWithMeans   0.914592  0.698736    0.077076   0.927917   0.816692   \n",
       "\n",
       "     Recall  F-measure      NDCG  \n",
       "3  0.442862   0.567896  0.964024  \n",
       "0  0.401856   0.540444  0.962812  \n",
       "4  0.401022   0.538530  0.961726  \n",
       "5  0.394222   0.531760  0.960656  "
      ]
     },
     "execution_count": 24,
     "metadata": {},
     "output_type": "execute_result"
    }
   ],
   "source": [
    "results.sort_values(by='NDCG', ascending=False)"
   ]
  },
  {
   "cell_type": "code",
   "execution_count": 25,
   "metadata": {},
   "outputs": [
    {
     "data": {
      "text/html": [
       "<div>\n",
       "<style scoped>\n",
       "    .dataframe tbody tr th:only-of-type {\n",
       "        vertical-align: middle;\n",
       "    }\n",
       "\n",
       "    .dataframe tbody tr th {\n",
       "        vertical-align: top;\n",
       "    }\n",
       "\n",
       "    .dataframe thead th {\n",
       "        text-align: right;\n",
       "    }\n",
       "</style>\n",
       "<table border=\"1\" class=\"dataframe\">\n",
       "  <thead>\n",
       "    <tr style=\"text-align: right;\">\n",
       "      <th></th>\n",
       "      <th>Algorithm</th>\n",
       "      <th>test_rmse</th>\n",
       "      <th>test_mae</th>\n",
       "      <th>fit_time</th>\n",
       "      <th>test_time</th>\n",
       "      <th>Precision</th>\n",
       "      <th>Recall</th>\n",
       "      <th>F-measure</th>\n",
       "      <th>NDCG</th>\n",
       "    </tr>\n",
       "  </thead>\n",
       "  <tbody>\n",
       "    <tr>\n",
       "      <th>3</th>\n",
       "      <td>KNNBasic</td>\n",
       "      <td>0.964200</td>\n",
       "      <td>0.741681</td>\n",
       "      <td>0.072833</td>\n",
       "      <td>0.856049</td>\n",
       "      <td>0.791307</td>\n",
       "      <td>0.442862</td>\n",
       "      <td>0.567896</td>\n",
       "      <td>0.964024</td>\n",
       "    </tr>\n",
       "    <tr>\n",
       "      <th>5</th>\n",
       "      <td>KNNWithMeans</td>\n",
       "      <td>0.914592</td>\n",
       "      <td>0.698736</td>\n",
       "      <td>0.077076</td>\n",
       "      <td>0.927917</td>\n",
       "      <td>0.816692</td>\n",
       "      <td>0.394222</td>\n",
       "      <td>0.531760</td>\n",
       "      <td>0.960656</td>\n",
       "    </tr>\n",
       "    <tr>\n",
       "      <th>4</th>\n",
       "      <td>SVD</td>\n",
       "      <td>0.893231</td>\n",
       "      <td>0.688007</td>\n",
       "      <td>3.229208</td>\n",
       "      <td>0.111426</td>\n",
       "      <td>0.819548</td>\n",
       "      <td>0.401022</td>\n",
       "      <td>0.538530</td>\n",
       "      <td>0.961726</td>\n",
       "    </tr>\n",
       "    <tr>\n",
       "      <th>0</th>\n",
       "      <td>SVDpp</td>\n",
       "      <td>0.885218</td>\n",
       "      <td>0.678399</td>\n",
       "      <td>298.373213</td>\n",
       "      <td>3.735361</td>\n",
       "      <td>0.824938</td>\n",
       "      <td>0.401856</td>\n",
       "      <td>0.540444</td>\n",
       "      <td>0.962812</td>\n",
       "    </tr>\n",
       "  </tbody>\n",
       "</table>\n",
       "</div>"
      ],
      "text/plain": [
       "      Algorithm  test_rmse  test_mae    fit_time  test_time  Precision  \\\n",
       "3      KNNBasic   0.964200  0.741681    0.072833   0.856049   0.791307   \n",
       "5  KNNWithMeans   0.914592  0.698736    0.077076   0.927917   0.816692   \n",
       "4           SVD   0.893231  0.688007    3.229208   0.111426   0.819548   \n",
       "0         SVDpp   0.885218  0.678399  298.373213   3.735361   0.824938   \n",
       "\n",
       "     Recall  F-measure      NDCG  \n",
       "3  0.442862   0.567896  0.964024  \n",
       "5  0.394222   0.531760  0.960656  \n",
       "4  0.401022   0.538530  0.961726  \n",
       "0  0.401856   0.540444  0.962812  "
      ]
     },
     "execution_count": 25,
     "metadata": {},
     "output_type": "execute_result"
    }
   ],
   "source": [
    "results.sort_values(by='Algorithm')"
   ]
  },
  {
   "cell_type": "code",
   "execution_count": 27,
   "metadata": {
    "colab": {},
    "colab_type": "code",
    "id": "W-Q4XlBGPTyo"
   },
   "outputs": [],
   "source": [
    "results.to_csv('../2_results/2_collab_filtering@surprise_recs_result.csv', index = False)"
   ]
  },
  {
   "cell_type": "code",
   "execution_count": 29,
   "metadata": {},
   "outputs": [
    {
     "data": {
      "text/html": [
       "<div>\n",
       "<style scoped>\n",
       "    .dataframe tbody tr th:only-of-type {\n",
       "        vertical-align: middle;\n",
       "    }\n",
       "\n",
       "    .dataframe tbody tr th {\n",
       "        vertical-align: top;\n",
       "    }\n",
       "\n",
       "    .dataframe thead th {\n",
       "        text-align: right;\n",
       "    }\n",
       "</style>\n",
       "<table border=\"1\" class=\"dataframe\">\n",
       "  <thead>\n",
       "    <tr style=\"text-align: right;\">\n",
       "      <th></th>\n",
       "      <th>Algorithm</th>\n",
       "      <th>test_rmse</th>\n",
       "      <th>test_mae</th>\n",
       "      <th>Precision</th>\n",
       "      <th>Recall</th>\n",
       "      <th>NDCG</th>\n",
       "    </tr>\n",
       "  </thead>\n",
       "  <tbody>\n",
       "    <tr>\n",
       "      <th>3</th>\n",
       "      <td>KNNBasic</td>\n",
       "      <td>0.964200</td>\n",
       "      <td>0.741681</td>\n",
       "      <td>0.791307</td>\n",
       "      <td>0.442862</td>\n",
       "      <td>0.964024</td>\n",
       "    </tr>\n",
       "    <tr>\n",
       "      <th>5</th>\n",
       "      <td>KNNWithMeans</td>\n",
       "      <td>0.914592</td>\n",
       "      <td>0.698736</td>\n",
       "      <td>0.816692</td>\n",
       "      <td>0.394222</td>\n",
       "      <td>0.960656</td>\n",
       "    </tr>\n",
       "    <tr>\n",
       "      <th>4</th>\n",
       "      <td>SVD</td>\n",
       "      <td>0.893231</td>\n",
       "      <td>0.688007</td>\n",
       "      <td>0.819548</td>\n",
       "      <td>0.401022</td>\n",
       "      <td>0.961726</td>\n",
       "    </tr>\n",
       "    <tr>\n",
       "      <th>0</th>\n",
       "      <td>SVDpp</td>\n",
       "      <td>0.885218</td>\n",
       "      <td>0.678399</td>\n",
       "      <td>0.824938</td>\n",
       "      <td>0.401856</td>\n",
       "      <td>0.962812</td>\n",
       "    </tr>\n",
       "  </tbody>\n",
       "</table>\n",
       "</div>"
      ],
      "text/plain": [
       "      Algorithm  test_rmse  test_mae  Precision    Recall      NDCG\n",
       "3      KNNBasic   0.964200  0.741681   0.791307  0.442862  0.964024\n",
       "5  KNNWithMeans   0.914592  0.698736   0.816692  0.394222  0.960656\n",
       "4           SVD   0.893231  0.688007   0.819548  0.401022  0.961726\n",
       "0         SVDpp   0.885218  0.678399   0.824938  0.401856  0.962812"
      ]
     },
     "execution_count": 29,
     "metadata": {},
     "output_type": "execute_result"
    }
   ],
   "source": [
    "results[['Algorithm', 'test_rmse', 'test_mae', 'Precision', 'Recall', 'NDCG']].sort_values(by='Algorithm')"
   ]
  },
  {
   "cell_type": "markdown",
   "metadata": {
    "colab_type": "text",
    "id": "sTlXpyp1Zx08"
   },
   "source": [
    "## Tuned algorithms"
   ]
  },
  {
   "cell_type": "code",
   "execution_count": 42,
   "metadata": {},
   "outputs": [],
   "source": [
    "tuned_df = pd.DataFrame(columns= ['Algorithm', 'test_rmse', 'test_mae', 'fit_time', 'test_time', 'Precision', 'Recall', 'F-measure', 'NDCG'])"
   ]
  },
  {
   "cell_type": "code",
   "execution_count": 31,
   "metadata": {},
   "outputs": [],
   "source": [
    "sim_options = {'name': 'pearson_baseline',\n",
    "               'user_based': False  # compute  similarities between items\n",
    "               }\n",
    "knnwm_tuned = KNNWithMeans(k=50, sim_options=sim_options)"
   ]
  },
  {
   "cell_type": "code",
   "execution_count": 34,
   "metadata": {},
   "outputs": [],
   "source": [
    "svd_tuned = SVD(n_factors= 25, n_epochs=10, lr_all=0.01, reg_all=0.02)"
   ]
  },
  {
   "cell_type": "code",
   "execution_count": 37,
   "metadata": {},
   "outputs": [],
   "source": [
    "svdpp_tuned = SVDpp(n_factors= 25, n_epochs=10, lr_all=0.01, reg_all=0.02)"
   ]
  },
  {
   "cell_type": "code",
   "execution_count": 43,
   "metadata": {},
   "outputs": [
    {
     "name": "stdout",
     "output_type": "stream",
     "text": [
      "Estimating biases using als...\n",
      "Computing the pearson_baseline similarity matrix...\n",
      "Done computing similarity matrix.\n",
      "RMSE: 0.9049\n",
      "MAE:  0.6858\n",
      "Algorithm: KNNWithMeans\n",
      "RMSE: 0.8935\n",
      "MAE:  0.6871\n",
      "Algorithm: SVD\n",
      "RMSE: 0.8880\n",
      "MAE:  0.6819\n",
      "Algorithm: SVDpp\n"
     ]
    }
   ],
   "source": [
    "# Iterate over all algorithms\n",
    "for algorithm in [knnwm_tuned, svd_tuned, svdpp_tuned]:\n",
    "    results = recommendation(algorithm,trainset,testset) \n",
    "    \n",
    "    name =str(algorithm).split(' ')[0].split('.')[-1]\n",
    "    print(\"Algorithm:\", name)\n",
    "    df = pd.DataFrame([[name, results[0], results[1], results[2], results[3], results[4], results[5], results[6], results[7]]], columns= ['Algorithm', 'test_rmse', 'test_mae', 'fit_time', 'test_time', 'Precision', 'Recall', 'F-measure', 'NDCG'])\n",
    "    tuned_df = pd.concat([df, tuned_df], ignore_index=True)"
   ]
  },
  {
   "cell_type": "code",
   "execution_count": 44,
   "metadata": {},
   "outputs": [
    {
     "data": {
      "text/html": [
       "<div>\n",
       "<style scoped>\n",
       "    .dataframe tbody tr th:only-of-type {\n",
       "        vertical-align: middle;\n",
       "    }\n",
       "\n",
       "    .dataframe tbody tr th {\n",
       "        vertical-align: top;\n",
       "    }\n",
       "\n",
       "    .dataframe thead th {\n",
       "        text-align: right;\n",
       "    }\n",
       "</style>\n",
       "<table border=\"1\" class=\"dataframe\">\n",
       "  <thead>\n",
       "    <tr style=\"text-align: right;\">\n",
       "      <th></th>\n",
       "      <th>Algorithm</th>\n",
       "      <th>test_rmse</th>\n",
       "      <th>test_mae</th>\n",
       "      <th>fit_time</th>\n",
       "      <th>test_time</th>\n",
       "      <th>Precision</th>\n",
       "      <th>Recall</th>\n",
       "      <th>F-measure</th>\n",
       "      <th>NDCG</th>\n",
       "    </tr>\n",
       "  </thead>\n",
       "  <tbody>\n",
       "    <tr>\n",
       "      <th>2</th>\n",
       "      <td>KNNWithMeans</td>\n",
       "      <td>0.904900</td>\n",
       "      <td>0.685833</td>\n",
       "      <td>5.045171</td>\n",
       "      <td>3.738278</td>\n",
       "      <td>0.815499</td>\n",
       "      <td>0.417155</td>\n",
       "      <td>0.551962</td>\n",
       "      <td>0.963588</td>\n",
       "    </tr>\n",
       "    <tr>\n",
       "      <th>1</th>\n",
       "      <td>SVD</td>\n",
       "      <td>0.893531</td>\n",
       "      <td>0.687096</td>\n",
       "      <td>0.660161</td>\n",
       "      <td>0.072660</td>\n",
       "      <td>0.831321</td>\n",
       "      <td>0.402914</td>\n",
       "      <td>0.542767</td>\n",
       "      <td>0.962539</td>\n",
       "    </tr>\n",
       "    <tr>\n",
       "      <th>0</th>\n",
       "      <td>SVDpp</td>\n",
       "      <td>0.887960</td>\n",
       "      <td>0.681865</td>\n",
       "      <td>174.732694</td>\n",
       "      <td>3.919472</td>\n",
       "      <td>0.832464</td>\n",
       "      <td>0.401128</td>\n",
       "      <td>0.541385</td>\n",
       "      <td>0.963916</td>\n",
       "    </tr>\n",
       "  </tbody>\n",
